pickup_zip,dropoff_zip,distance_miles
10001,11572,20.6
11572,10001,20.6
10001,33101,1091.6
33101,10001,1091.6
10001,33433,1053.7
33433,10001,1053.7
10001,60614,714.0
60614,10001,714.0
10001,75201,1373.7
75201,10001,1373.7
10001,90210,2458.8
90210,10001,2458.8
10001,90280,2451.6
90280,10001,2451.6
10001,26384,377.6
26384,10001,377.6
10001,71935,1166.3
71935,10001,1166.3
10001,44706,389.4
44706,10001,389.4
10001,32063,854.4
32063,10001,854.4
10001,60187,737.7
60187,10001,737.7
10001,83465,2018.0
83465,10001,2018.0
10001,32258,845.8
32258,10001,845.8
10001,53022,745.7
53022,10001,745.7
10001,58654,1538.6
58654,10001,1538.6
10001,47120,669.1
47120,10001,669.1
10001,68715,1226.6
68715,10001,1226.6
10001,36049,922.6
36049,10001,922.6
10001,52325,934.9
52325,10001,934.9
10001,72046,1070.0
72046,10001,1070.0
10001,64659,1020.0
64659,10001,1020.0
10001,97640,2381.9
97640,10001,2381.9
10001,92656,2437.9
92656,10001,2437.9
10001,47616,762.8
47616,10001,762.8
10001,27601,425.8
27601,10001,425.8
10001,97364,2514.4
97364,10001,2514.4
10001,64112,1098.5
64112,10001,1098.5
10001,32266,831.1
32266,10001,831.1
10001,44076,359.8
44076,10001,359.8
10001,66223,1105.0
66223,10001,1105.0
10001,56589,1165.7
56589,10001,1165.7
10001,91770,2442.5
91770,10001,2442.5
10001,28169,549.6
28169,10001,549.6
10001,25843,439.9
25843,10001,439.9
10001,51649,1126.5
51649,10001,1126.5
10001,99158,2172.8
99158,10001,2172.8
10001,55713,1039.4
55713,10001,1039.4
10001,20779,194.0
20779,10001,194.0
10001,44087,390.8
44087,10001,390.8
10001,04220,309.5
04220,10001,309.5
10001,92602,2433.5
92602,10001,2433.5
10001,44417,351.1
44417,10001,351.1
10001,12768,85.9
12768,10001,85.9
10001,63030,912.5
63030,10001,912.5
10001,05250,168.7
05250,10001,168.7
10001,87113,1808.3
87113,10001,1808.3
10001,41222,517.1
41222,10001,517.1
10001,32948,971.6
32948,10001,971.6
10001,71286,1105.1
71286,10001,1105.1
10001,67751,1399.2
67751,10001,1399.2
10001,04956,342.5
04956,10001,342.5
10001,04668,442.4
04668,10001,442.4
10001,29714,562.7
29714,10001,562.7
10001,70516,1251.2
70516,10001,1251.2
10001,28027,517.6
28027,10001,517.6
10001,81073,1553.8
81073,10001,1553.8
10001,46501,640.9
46501,10001,640.9
10001,70114,1169.7
70114,10001,1169.7
10001,11003,15.6
11003,10001,15.6
10001,68130,1158.0
68130,10001,1158.0
10001,59642,1868.3
59642,10001,1868.3
10001,80468,1687.1
80468,10001,1687.1
10001,43346,517.3
43346,10001,517.3
10001,41567,496.0
41567,10001,496.0
10001,50665,977.7
50665,10001,977.7
10001,20716,191.6
20716,10001,191.6
10001,25981,403.1
25981,10001,403.1
10001,78739,1525.0
78739,10001,1525.0
10001,61845,757.6
61845,10001,757.6
10001,86314,2126.2
86314,10001,2126.2
10001,28538,415.9
28538,10001,415.9
10001,68071,1167.4
68071,10001,1167.4
10001,45836,505.8
45836,10001,505.8
10001,11369,6.6
11369,10001,6.6
10001,97703,2407.6
97703,10001,2407.6
10001,01606,157.0
01606,10001,157.0
10001,50585,1098.5
50585,10001,1098.5
10001,04924,358.3
04924,10001,358.3
10001,63108,877.1
63108,10001,877.1
10001,13111,219.5
13111,10001,219.5
10001,49441,653.6
49441,10001,653.6
10001,67059,1359.5
67059,10001,1359.5
10001,14860,194.4
14860,10001,194.4
10001,31743,826.0
31743,10001,826.0
10001,16735,258.1
16735,10001,258.1
10001,90278,2462.9
90278,10001,2462.9
10001,50111,1031.7
50111,10001,1031.7
10001,27803,394.9
27803,10001,394.9
10001,71048,1176.0
71048,10001,1176.0
10001,62221,861.0
62221,10001,861.0
10001,55769,1057.7
55769,10001,1057.7
10001,25420,238.1
25420,10001,238.1
10001,92394,2390.5
92394,10001,2390.5
10001,48861,580.3
48861,10001,580.3
10001,70757,1216.0
70757,10001,1216.0
10001,74855,1294.7
74855,10001,1294.7
10001,77514,1388.4
77514,10001,1388.4
10001,51537,1109.0
51537,10001,1109.0
10001,76226,1381.7
76226,10001,1381.7
10001,49106,657.4
49106,10001,657.4
10001,31909,828.6
31909,10001,828.6
10001,29560,572.2
29560,10001,572.2
10001,22207,209.4
22207,10001,209.4
10001,52555,986.2
52555,10001,986.2
10001,53952,825.3
53952,10001,825.3
11572,33101,1091.0
33101,11572,1091.0
11572,33433,1053.3
33433,11572,1053.3
11572,60614,734.1
60614,11572,734.1
11572,75201,1389.7
75201,11572,1389.7
11572,90210,2478.3
90210,11572,2478.3
11572,90280,2471.0
90280,11572,2471.0
11572,26384,393.6
26384,11572,393.6
11572,71935,1182.4
71935,11572,1182.4
11572,44706,408.7
44706,11572,408.7
11572,32063,858.8
32063,11572,858.8
11572,60187,757.8
60187,11572,757.8
11572,83465,2038.6
83465,11572,2038.6
11572,32258,849.3
32258,11572,849.3
11572,53022,766.2
53022,11572,766.2
11572,58654,1559.2
58654,11572,1559.2
11572,47120,686.5
47120,11572,686.5
11572,68715,1246.8
68715,11572,1246.8
11572,36049,932.6
36049,11572,932.6
11572,52325,954.9
52325,11572,954.9
11572,72046,1085.7
72046,11572,1085.7
11572,64659,1039.3
64659,11572,1039.3
11572,97640,2402.5
97640,11572,2402.5
11572,92656,2457.2
92656,11572,2457.2
11572,47616,780.4
47616,11572,780.4
11572,27601,431.4
27601,11572,431.4
11572,97364,2535.0
97364,11572,2535.0
11572,64112,1117.5
64112,11572,1117.5
11572,32266,834.6
32266,11572,834.6
11572,44076,379.9
44076,11572,379.9
11572,66223,1124.0
66223,11572,1124.0
11572,56589,1186.2
56589,11572,1186.2
11572,91770,2462.0
91770,11572,2462.0
11572,28169,559.1
28169,11572,559.1
11572,25843,453.3
25843,11572,453.3
11572,51649,1146.4
51649,11572,1146.4
11572,99158,2193.4
99158,11572,2193.4
11572,55713,1059.7
55713,11572,1059.7
11572,20779,202.9
20779,11572,202.9
11572,44087,410.7
44087,11572,410.7
11572,04220,305.7
04220,11572,305.7
11572,92602,2452.8
92602,11572,2452.8
11572,44417,371.2
44417,11572,371.2
11572,12768,102.3
12768,11572,102.3
11572,63030,930.6
63030,11572,930.6
11572,05250,173.2
05250,11572,173.2
11572,87113,1827.0
87113,11572,1827.0
11572,41222,532.1
41222,11572,532.1
11572,32948,972.4
32948,11572,972.4
11572,71286,1119.0
71286,11572,1119.0
11572,67751,1418.7
67751,11572,1418.7
11572,04956,339.3
04956,11572,339.3
11572,04668,435.6
04668,11572,435.6
11572,29714,570.4
29714,11572,570.4
11572,70516,1263.9
70516,11572,1263.9
11572,28027,526.2
28027,11572,526.2
11572,81073,1572.9
81073,11572,1572.9
11572,46501,660.7
46501,11572,660.7
11572,70114,1180.8
70114,11572,1180.8
11572,11003,6.1
11003,11572,6.1
11572,68130,1178.0
68130,11572,1178.0
11572,59642,1888.9
59642,11572,1888.9
11572,80468,1707.1
80468,11572,1707.1
11572,43346,536.6
43346,11572,536.6
11572,41567,510.4
41567,11572,510.4
11572,50665,998.0
50665,11572,998.0
11572,20716,201.7
20716,11572,201.7
11572,25981,417.1
25981,11572,417.1
11572,78739,1539.8
78739,11572,1539.8
11572,61845,776.9
61845,11572,776.9
11572,86314,2145.3
86314,11572,2145.3
11572,28538,418.5
28538,11572,418.5
11572,68071,1187.6
68071,11572,1187.6
11572,45836,525.2
45836,11572,525.2
11572,11369,15.3
11369,11572,15.3
11572,97703,2428.2
97703,11572,2428.2
11572,01606,150.3
01606,11572,150.3
11572,50585,1118.9
50585,11572,1118.9
11572,04924,353.8
04924,11572,353.8
11572,63108,895.5
63108,11572,895.5
11572,13111,237.6
13111,11572,237.6
11572,49441,674.2
49441,11572,674.2
11572,67059,1378.3
67059,11572,1378.3
11572,14860,214.0
14860,11572,214.0
11572,31743,834.0
31743,11572,834.0
11572,16735,278.5
16735,11572,278.5
11572,90278,2482.3
90278,11572,2482.3
11572,50111,1051.8
50111,11572,1051.8
11572,27803,399.0
27803,11572,399.0
11572,71048,1190.7
71048,11572,1190.7
11572,62221,879.2
62221,11572,879.2
11572,55769,1078.0
55769,11572,1078.0
11572,25420,253.0
25420,11572,253.0
11572,92394,2410.0
92394,11572,2410.0
11572,48861,600.8
48861,11572,600.8
11572,70757,1228.3
70757,11572,1228.3
11572,74855,1312.2
74855,11572,1312.2
11572,77514,1401.7
77514,11572,1401.7
11572,51537,1129.1
51537,11572,1129.1
11572,76226,1397.9
76226,11572,1397.9
11572,49106,677.6
49106,11572,677.6
11572,31909,838.3
31909,11572,838.3
11572,29560,576.9
29560,11572,576.9
11572,22207,220.5
22207,11572,220.5
11572,52555,1005.9
52555,11572,1005.9
11572,53952,845.9
53952,11572,845.9
33101,33433,39.1
33433,33101,39.1
33101,60614,1191.1
60614,33101,1191.1
33101,75201,1110.7
75201,33101,1110.7
33101,90210,2348.6
90210,33101,2348.6
33101,90280,2335.2
90280,33101,2335.2
33101,26384,909.7
26384,33101,909.7
33101,71935,1003.8
71935,33101,1003.8
33101,44706,1034.4
44706,33101,1034.4
33101,32063,330.7
32063,33101,330.7
33101,60187,1197.6
60187,33101,1197.6
33101,83465,2276.8
83465,33101,2276.8
33101,32258,311.3
32258,33101,311.3
33101,53022,1283.4
53022,33101,1283.4
33101,58654,1942.9
58654,33101,1942.9
33101,47120,940.9
47120,33101,940.9
33101,68715,1492.9
68715,33101,1492.9
33101,36049,553.1
36049,33101,553.1
33101,52325,1278.7
52325,33101,1278.7
33101,72046,925.7
72046,33101,925.7
33101,64659,1226.7
64659,33101,1226.7
33101,97640,2564.0
97640,33101,2564.0
33101,92656,2307.1
92656,33101,2307.1
33101,47616,969.3
47616,33101,969.3
33101,27601,694.7
27601,33101,694.7
33101,97364,2760.0
97364,33101,2760.0
33101,64112,1238.7
64112,33101,1238.7
33101,32266,321.1
32266,33101,321.1
33101,44076,1085.9
44076,33101,1085.9
33101,66223,1233.4
66223,33101,1233.4
33101,56589,1702.8
56589,33101,1702.8
33101,91770,2329.4
91770,33101,2329.4
33101,28169,664.0
28169,33101,664.0
33101,25843,817.8
25843,33101,817.8
33101,51649,1361.8
51649,33101,1361.8
33101,99158,2498.0
99158,33101,2498.0
33101,55713,1647.0
55713,33101,1647.0
33101,20779,919.2
20779,33101,919.2
33101,44087,1073.2
44087,33101,1073.2
33101,04220,1393.1
04220,33101,1393.1
33101,92602,2307.6
92602,33101,2307.6
33101,44417,1079.2
44417,33101,1079.2
33101,12768,1152.4
12768,33101,1152.4
33101,63030,1051.9
63030,33101,1051.9
33101,05250,1259.3
05250,33101,1259.3
33101,87113,1695.0
87113,33101,1695.0
33101,41222,840.7
41222,33101,840.7
33101,32948,138.7
32948,33101,138.7
33101,71286,816.8
71286,33101,816.8
33101,67751,1487.9
67751,33101,1487.9
33101,04956,1427.4
04956,33101,1427.4
33101,04668,1508.6
04668,33101,1508.6
33101,29714,616.7
29714,33101,616.7
33101,70516,803.3
70516,33101,803.3
33101,28027,663.9
28027,33101,663.9
33101,81073,1545.1
81073,33101,1545.1
33101,46501,1119.4
46501,33101,1119.4
33101,70114,666.0
70114,33101,666.0
33101,11003,1094.0
11003,33101,1094.0
33101,68130,1404.9
68130,33101,1404.9
33101,59642,2195.6
59642,33101,2195.6
33101,80468,1784.1
80468,33101,1784.1
33101,43346,1041.1
43346,33101,1041.1
33101,41567,821.5
41567,33101,821.5
33101,50665,1360.2
50665,33101,1360.2
33101,20716,928.4
20716,33101,928.4
33101,25981,848.2
25981,33101,848.2
33101,78739,1121.7
78739,33101,1121.7
33101,61845,1111.3
61845,33101,1111.3
33101,86314,2006.5
86314,33101,2006.5
33101,28538,682.2
28538,33101,682.2
33101,68071,1464.0
68071,33101,1464.0
33101,45836,1053.5
45836,33101,1053.5
33101,11369,1094.8
11369,33101,1094.8
33101,97703,2626.2
97703,33101,2626.2
33101,01606,1235.8
01606,33101,1235.8
33101,50585,1452.5
50585,33101,1452.5
33101,04924,1438.5
04924,33101,1438.5
33101,63108,1062.7
63108,33101,1062.7
33101,13111,1221.8
13111,33101,1221.8
33101,49441,1248.1
49441,33101,1248.1
33101,67059,1376.8
67059,33101,1376.8
33101,14860,1174.3
14860,33101,1174.3
33101,31743,480.5
31743,33101,480.5
33101,16735,1095.3
16735,33101,1095.3
33101,90278,2345.1
90278,33101,2345.1
33101,50111,1344.1
50111,33101,1344.1
33101,27803,710.7
27803,33101,710.7
33101,71048,904.1
71048,33101,904.1
33101,62221,1044.0
62221,33101,1044.0
33101,55769,1656.1
55769,33101,1656.1
33101,25420,945.0
25420,33101,945.0
33101,92394,2290.5
92394,33101,2290.5
33101,48861,1198.6
48861,33101,1198.6
33101,70757,760.6
70757,33101,760.6
33101,74855,1197.2
74855,33101,1197.2
33101,77514,923.3
77514,33101,923.3
33101,51537,1392.6
51537,33101,1392.6
33101,76226,1138.9
76226,33101,1138.9
33101,49106,1170.9
49106,33101,1170.9
33101,31909,546.4
31909,33101,546.4
33101,29560,555.5
29560,33101,555.5
33101,22207,922.1
22207,33101,922.1
33101,52555,1255.0
52555,33101,1255.0
33101,53952,1349.3
53952,33101,1349.3
33433,60614,1155.0
60614,33433,1155.0
33433,75201,1094.0
75201,33433,1094.0
33433,90210,2335.6
90210,33433,2335.6
33433,90280,2322.3
90280,33433,2322.3
33433,26384,870.8
26384,33433,870.8
33433,71935,981.4
71935,33433,981.4
33433,44706,995.5
44706,33433,995.5
33433,32063,295.4
32063,33433,295.4
33433,60187,1161.9
60187,33433,1161.9
33433,83465,2251.8
83465,33433,2251.8
33433,32258,274.5
32258,33433,274.5
33433,53022,1247.2
53022,33433,1247.2
33433,58654,1912.8
58654,33433,1912.8
33433,47120,905.2
47120,33433,905.2
33433,68715,1463.6
68715,33433,1463.6
33433,36049,525.6
36049,33433,525.6
33433,52325,1245.8
52325,33433,1245.8
33433,72046,901.1
72046,33433,901.1
33433,64659,1196.3
64659,33433,1196.3
33433,97640,2542.1
97640,33433,2542.1
33433,92656,2294.7
92656,33433,2294.7
33433,47616,935.5
47616,33433,935.5
33433,27601,655.7
27601,33433,655.7
33433,97364,2736.8
97364,33433,2736.8
33433,64112,1210.2
64112,33433,1210.2
33433,32266,283.8
32266,33433,283.8
33433,44076,1047.0
44076,33433,1047.0
33433,66223,1205.2
66223,33433,1205.2
33433,56589,1668.9
56589,33433,1668.9
33433,91770,2316.5
91770,33433,2316.5
33433,28169,625.5
28169,33433,625.5
33433,25843,778.9
25843,33433,778.9
33433,51649,1332.1
51649,33433,1332.1
33433,99158,2471.8
99158,33433,2471.8
33433,55713,1611.6
55713,33433,1611.6
33433,20779,880.6
20779,33433,880.6
33433,44087,1034.4
44087,33433,1034.4
33433,04220,1355.8
04220,33433,1355.8
33433,92602,2295.0
92602,33433,2295.0
33433,44417,1040.2
44417,33433,1040.2
33433,12768,1114.0
12768,33433,1114.0
33433,63030,1020.9
63030,33433,1020.9
33433,05250,1221.2
05250,33433,1221.2
33433,87113,1678.7
87113,33433,1678.7
33433,41222,802.7
41222,33433,802.7
33433,32948,101.2
32948,33433,101.2
33433,71286,795.4
71286,33433,795.4
33433,67751,1463.3
67751,33433,1463.3
33433,04956,1390.1
04956,33433,1390.1
33433,04668,1472.0
04668,33433,1472.0
33433,29714,578.0
29714,33433,578.0
33433,70516,789.3
70516,33433,789.3
33433,28027,625.0
28027,33433,625.0
33433,81073,1524.0
81073,33433,1524.0
33433,46501,1082.8
46501,33433,1082.8
33433,70114,651.0
70114,33433,651.0
33433,11003,1056.3
11003,33433,1056.3
33433,68130,1375.3
68130,33433,1375.3
33433,59642,2168.4
59642,33433,2168.4
33433,80468,1761.4
80468,33433,1761.4
33433,43346,1003.3
43346,33433,1003.3
33433,41567,783.2
41567,33433,783.2
33433,50665,1327.2
50665,33433,1327.2
33433,20716,889.7
20716,33433,889.7
33433,25981,809.3
25981,33433,809.3
33433,78739,1111.5
78739,33433,1111.5
33433,61845,1076.5
61845,33433,1076.5
33433,86314,1992.3
86314,33433,1992.3
33433,28538,643.5
28538,33433,643.5
33433,68071,1433.6
68071,33433,1433.6
33433,45836,1015.5
45836,33433,1015.5
33433,11369,1057.0
11369,33433,1057.0
33433,97703,2603.4
97703,33433,2603.4
33433,01606,1198.4
01606,33433,1198.4
33433,50585,1420.8
50585,33433,1420.8
33433,04924,1401.4
04924,33433,1401.4
33433,63108,1030.7
63108,33433,1030.7
33433,13111,1182.8
13111,33433,1182.8
33433,49441,1211.0
49441,33433,1211.0
33433,67059,1353.4
67059,33433,1353.4
33433,14860,1135.4
14860,33433,1135.4
33433,31743,447.6
31743,33433,447.6
33433,16735,1056.2
16735,33433,1056.2
33433,90278,2332.3
90278,33433,2332.3
33433,50111,1312.4
50111,33433,1312.4
33433,27803,671.8
27803,33433,671.8
33433,71048,884.1
71048,33433,884.1
33433,62221,1011.8
62221,33433,1011.8
33433,55769,1620.9
55769,33433,1620.9
33433,25420,905.9
25420,33433,905.9
33433,92394,2276.9
92394,33433,2276.9
33433,48861,1160.9
48861,33433,1160.9
33433,70757,745.8
70757,33433,745.8
33433,74855,1175.5
74855,33433,1175.5
33433,77514,912.8
77514,33433,912.8
33433,51537,1362.0
51537,33433,1362.0
33433,76226,1121.9
76226,33433,1121.9
33433,49106,1134.2
49106,33433,1134.2
33433,31909,514.4
31909,33433,514.4
33433,29560,516.4
29560,33433,516.4
33433,22207,883.2
22207,33433,883.2
33433,52555,1223.4
52555,33433,1223.4
33433,53952,1313.7
53952,33433,1313.7
60614,75201,805.5
75201,60614,805.5
60614,90210,1752.3
90210,60614,1752.3
60614,90280,1745.9
90280,60614,1745.9
60614,26384,418.0
26384,60614,418.0
60614,71935,616.1
71935,60614,616.1
60614,44706,333.9
44706,60614,333.9
60614,32063,860.4
32063,60614,860.4
60614,60187,24.1
60187,60614,24.1
60614,83465,1321.2
83465,60614,1321.2
60614,32258,880.8
32258,60614,880.8
60614,53022,93.3
53022,60614,93.3
60614,58654,866.2
58654,60614,866.2
60614,47120,251.4
47120,60614,251.4
60614,68715,512.8
68715,60614,512.8
60614,36049,704.4
36049,60614,704.4
60614,52325,222.0
52325,60614,222.0
60614,72046,559.0
72046,60614,559.0
60614,64659,330.4
64659,60614,330.4
60614,97640,1678.5
97640,60614,1678.5
60614,92656,1734.3
92656,60614,1734.3
60614,47616,254.8
47616,60614,254.8
60614,27601,644.7
27601,60614,644.7
60614,97364,1824.1
97364,60614,1824.1
60614,64112,416.4
64112,60614,416.4
60614,32266,872.4
32266,60614,872.4
60614,44076,354.2
44076,60614,354.2
60614,66223,426.0
66223,60614,426.0
60614,56589,538.4
56589,60614,538.4
60614,91770,1736.6
91770,60614,1736.6
60614,28169,563.7
28169,60614,563.7
60614,25843,456.0
25843,60614,456.0
60614,51649,416.3
51649,60614,416.3
60614,99158,1495.4
99158,60614,1495.4
60614,55713,459.3
55713,60614,459.3
60614,20779,623.4
20779,60614,623.4
60614,44087,324.2
44087,60614,324.2
60614,04220,888.5
04220,60614,888.5
60614,92602,1729.3
92602,60614,1729.3
60614,44417,363.0
44417,60614,363.0
60614,12768,666.4
12768,60614,666.4
60614,63030,308.3
63030,60614,308.3
60614,05250,741.8
05250,60614,741.8
60614,87113,1121.8
87113,60614,1121.8
60614,41222,383.6
41222,60614,383.6
60614,32948,1054.0
32948,60614,1054.0
60614,71286,668.9
71286,60614,668.9
60614,67751,695.7
67751,60614,695.7
60614,04956,903.6
04956,60614,903.6
60614,04668,1023.7
04668,60614,1023.7
60614,29714,617.1
29714,60614,617.1
60614,70516,837.8
70516,60614,837.8
60614,28027,586.2
28027,60614,586.2
60614,81073,859.5
81073,60614,859.5
60614,46501,87.2
46501,60614,87.2
60614,70114,837.0
70114,60614,837.0
60614,11003,729.5
11003,60614,729.5
60614,68130,445.2
68130,60614,445.2
60614,59642,1183.6
59642,60614,1183.6
60614,80468,974.2
80468,60614,974.2
60614,43346,218.8
43346,60614,218.8
60614,41567,414.4
41567,60614,414.4
60614,50665,266.5
50665,60614,266.5
60614,20716,612.0
20716,60614,612.0
60614,25981,453.7
25981,60614,453.7
60614,78739,990.7
78739,60614,990.7
60614,61845,113.9
61845,60614,113.9
60614,86314,1427.9
86314,60614,1427.9
60614,28538,705.4
28538,60614,705.4
60614,68071,454.0
68071,60614,454.0
60614,45836,222.4
45836,60614,222.4
60614,11369,720.2
11369,60614,720.2
60614,97703,1710.4
97703,60614,1710.4
60614,01606,814.0
01606,60614,814.0
60614,50585,389.0
50585,60614,389.0
60614,04924,930.9
04924,60614,930.9
60614,63108,264.7
63108,60614,264.7
60614,13111,569.7
13111,60614,569.7
60614,49441,112.1
49441,60614,112.1
60614,67059,676.2
67059,60614,676.2
60614,14860,555.7
14860,60614,555.7
60614,31743,719.7
31743,60614,719.7
60614,16735,457.0
16735,60614,457.0
60614,90278,1757.2
90278,60614,1757.2
60614,50111,318.0
50111,60614,318.0
60614,27803,671.2
27803,60614,671.2
60614,71048,688.5
71048,60614,688.5
60614,62221,263.7
62221,60614,263.7
60614,55769,470.4
55769,60614,470.4
60614,25420,530.3
25420,60614,530.3
60614,92394,1683.8
92394,60614,1683.8
60614,48861,150.7
48861,60614,150.7
60614,70757,825.2
70757,60614,825.2
60614,74855,666.4
74855,60614,666.4
60614,77514,929.0
77514,60614,929.0
60614,51537,395.2
51537,60614,395.2
60614,76226,800.9
76226,60614,800.9
60614,49106,56.7
49106,60614,56.7
60614,31909,663.8
31909,60614,663.8
60614,29560,704.8
29560,60614,704.8
60614,22207,592.4
22207,60614,592.4
60614,52555,282.8
52555,60614,282.8
60614,53952,162.3
53952,60614,162.3
75201,90210,1249.8
90210,75201,1249.8
75201,90280,1237.4
90280,75201,1237.4
75201,26384,996.1
26384,75201,996.1
75201,71935,207.8
71935,75201,207.8
75201,44706,1012.4
44706,75201,1012.4
75201,32063,882.7
32063,75201,882.7
75201,60187,787.3
60187,75201,787.3
75201,83465,1226.8
83465,75201,1226.8
75201,32258,918.0
32258,75201,918.0
75201,53022,861.1
53022,75201,861.1
75201,58654,1033.9
58654,75201,1033.9
75201,47120,712.9
47120,75201,712.9
75201,68715,634.8
68715,75201,634.8
75201,36049,619.5
36049,75201,619.5
75201,52325,663.0
52325,75201,663.0
75201,72046,305.3
72046,75201,305.3
75201,64659,520.3
64659,75201,520.3
75201,97640,1472.1
97640,75201,1472.1
75201,92656,1212.1
92656,75201,1212.1
75201,47616,625.6
47616,75201,625.6
75201,27601,1057.9
27601,75201,1057.9
75201,97364,1678.5
97364,75201,1678.5
75201,64112,448.1
64112,75201,448.1
75201,32266,922.8
32266,75201,922.8
75201,44076,1065.5
44076,75201,1065.5
75201,66223,435.5
66223,75201,435.5
75201,56589,994.5
56589,75201,994.5
75201,91770,1230.9
91770,75201,1230.9
75201,28169,898.2
28169,75201,898.2
75201,25843,945.1
25843,75201,945.1
75201,51649,560.4
51649,75201,560.4
75201,99158,1460.4
99158,75201,1460.4
75201,55713,1036.2
55713,75201,1036.2
75201,20779,1205.4
20779,75201,1205.4
75201,44087,1030.2
44087,75201,1030.2
75201,04220,1628.3
04220,75201,1628.3
75201,92602,1211.4
92602,75201,1211.4
75201,44417,1069.4
44417,75201,1069.4
75201,12768,1362.4
12768,75201,1362.4
75201,63030,502.4
63030,75201,502.4
75201,05250,1465.6
05250,75201,1465.6
75201,87113,584.7
87113,75201,584.7
75201,41222,858.9
41222,75201,858.9
75201,32948,1026.2
32948,75201,1026.2
75201,71286,324.3
71286,75201,324.3
75201,67751,479.7
67751,75201,479.7
75201,04956,1650.8
04956,75201,1650.8
75201,04668,1770.9
04668,75201,1770.9
75201,29714,923.1
29714,75201,923.1
75201,70516,313.3
70516,75201,313.3
75201,28027,940.9
28027,75201,940.9
75201,81073,462.9
81073,75201,462.9
75201,46501,822.7
46501,75201,822.7
75201,70114,445.6
70114,75201,445.6
75201,11003,1387.4
11003,75201,1387.4
75201,68130,583.4
68130,75201,583.4
75201,59642,1188.8
59642,75201,1188.8
75201,80468,714.1
80468,75201,714.1
75201,43346,896.2
43346,75201,896.2
75201,41567,883.9
41567,75201,883.9
75201,50665,710.3
50665,75201,710.3
75201,20716,1200.9
20716,75201,1200.9
75201,25981,977.1
25981,75201,977.1
75201,78739,191.2
78739,75201,191.2
75201,61845,700.5
61845,75201,700.5
75201,86314,902.5
86314,75201,902.5
75201,28538,1115.9
28538,75201,1115.9
75201,68071,651.8
68071,75201,651.8
75201,45836,913.2
45836,75201,913.2
75201,11369,1380.3
11369,75201,1380.3
75201,97703,1541.7
97703,75201,1541.7
75201,01606,1514.3
01606,75201,1514.3
75201,50585,704.0
50585,75201,704.0
75201,04924,1676.1
04924,75201,1676.1
75201,63108,546.0
63108,75201,546.0
75201,13111,1311.3
13111,75201,1311.3
75201,49441,917.4
49441,75201,917.4
75201,67059,359.6
67059,75201,359.6
75201,14860,1280.9
14860,75201,1280.9
75201,31743,750.4
31743,75201,750.4
75201,16735,1161.1
16735,75201,1161.1
75201,90278,1247.9
90278,75201,1247.9
75201,50111,635.8
50111,75201,635.8
75201,27803,1102.3
27803,75201,1102.3
75201,71048,229.8
71048,75201,229.8
75201,62221,553.3
62221,75201,553.3
75201,55769,1031.3
55769,75201,1031.3
75201,25420,1137.1
25420,75201,1137.1
75201,92394,1188.6
92394,75201,1188.6
75201,48861,943.3
48861,75201,943.3
75201,70757,352.3
70757,75201,352.3
75201,74855,188.3
74855,75201,188.3
75201,77514,249.2
77514,75201,249.2
75201,51537,616.4
51537,75201,616.4
75201,76226,30.9
76226,75201,30.9
75201,49106,844.9
49106,75201,844.9
75201,31909,692.0
31909,75201,692.0
75201,29560,988.2
29560,75201,988.2
75201,22207,1179.3
22207,75201,1179.3
75201,52555,584.7
52555,75201,584.7
75201,53952,852.9
53952,75201,852.9
90210,90280,16.8
90280,90210,16.8
90210,26384,2109.0
26384,90210,2109.0
90210,71935,1408.4
71935,90210,1408.4
90210,44706,2069.6
44706,90210,2069.6
90210,32063,2131.9
32063,90210,2131.9
90210,60187,1728.2
60187,90210,1728.2
90210,83465,778.0
83465,90210,778.0
90210,32258,2167.2
32258,90210,2167.2
90210,53022,1743.7
53022,90210,1743.7
90210,58654,1161.1
58654,90210,1161.1
90210,47120,1814.4
47120,90210,1814.4
90210,68715,1253.6
68715,90210,1253.6
90210,36049,1866.7
36049,90210,1866.7
90210,52325,1530.6
52325,90210,1530.6
90210,72046,1509.9
72046,90210,1509.9
90210,64659,1439.3
64659,90210,1439.3
90210,97640,619.3
97640,90210,619.3
90210,92656,53.6
92656,90210,53.6
90210,47616,1721.0
47616,90210,1721.0
90210,27601,2245.6
27601,90210,2245.6
90210,97364,808.0
97364,90210,808.0
90210,64112,1363.5
64112,90210,1363.5
90210,32266,2171.5
32266,90210,2171.5
90210,44076,2102.0
44076,90210,2102.0
90210,66223,1358.1
66223,90210,1358.1
90210,56589,1486.4
56589,90210,1486.4
90210,91770,19.2
91770,90210,19.2
90210,28169,2094.3
28169,90210,2094.3
90210,25843,2092.2
25843,90210,2092.2
90210,51649,1336.0
51649,90210,1336.0
90210,99158,901.2
99158,90210,901.2
90210,55713,1619.5
55713,90210,1619.5
90210,20779,2332.8
20779,90210,2332.8
90210,44087,2069.3
44087,90210,2069.3
90210,04220,2633.5
04220,90210,2633.5
90210,92602,47.2
92602,90210,47.2
90210,44417,2109.9
44417,90210,2109.9
90210,12768,2417.6
12768,90210,2417.6
90210,63030,1566.2
63030,90210,1566.2
90210,05250,2493.1
05250,90210,2493.1
90210,87113,678.5
87113,90210,678.5
90210,41222,1998.0
41222,90210,1998.0
90210,32948,2273.5
32948,90210,2273.5
90210,71286,1570.2
71286,90210,1570.2
90210,67751,1059.6
67751,90210,1059.6
90210,04956,2644.7
04956,90210,2644.7
90210,04668,2761.9
04668,90210,2761.9
90210,29714,2130.2
29714,90210,2130.2
90210,70516,1546.4
70516,90210,1546.4
90210,28027,2135.9
28027,90210,2135.9
90210,81073,910.2
81073,90210,910.2
90210,46501,1819.1
46501,90210,1819.1
90210,70114,1685.1
70114,90210,1685.1
90210,11003,2474.2
11003,90210,2474.2
90210,68130,1308.9
68130,90210,1308.9
90210,59642,931.8
59642,90210,931.8
90210,80468,788.7
80468,90210,788.7
90210,43346,1941.9
43346,90210,1941.9
90210,41567,2029.8
41567,90210,2029.8
90210,50665,1503.2
50665,90210,1503.2
90210,20716,2324.3
20716,90210,2324.3
90210,25981,2113.6
25981,90210,2113.6
90210,78739,1231.0
78739,90210,1231.0
90210,61845,1701.4
61845,90210,1701.4
90210,86314,349.4
86314,90210,349.4
90210,28538,2309.1
28538,90210,2309.1
90210,68071,1314.7
68071,90210,1314.7
90210,45836,1953.0
45836,90210,1953.0
90210,11369,2465.3
11369,90210,2465.3
90210,97703,707.6
97703,90210,707.6
90210,01606,2566.2
01606,90210,2566.2
90210,50585,1393.8
50585,90210,1393.8
90210,04924,2672.4
04924,90210,2672.4
90210,63108,1594.6
63108,90210,1594.6
90210,13111,2320.2
13111,90210,2320.2
90210,49441,1834.6
49441,90210,1834.6
90210,67059,1108.9
67059,90210,1108.9
90210,14860,2308.0
14860,90210,2308.0
90210,31743,1994.4
31743,90210,1994.4
90210,16735,2206.2
16735,90210,2206.2
90210,90278,16.0
90278,90210,16.0
90210,50111,1437.1
50111,90210,1437.1
90210,27803,2287.6
27803,90210,2287.6
90210,71048,1475.3
71048,90210,1475.3
90210,62221,1613.4
62221,90210,1613.4
90210,55769,1601.5
55769,90210,1601.5
90210,25420,2246.8
25420,90210,2246.8
90210,92394,68.5
92394,90210,68.5
90210,48861,1898.3
48861,90210,1898.3
90210,70757,1590.3
70757,90210,1590.3
90210,74855,1224.5
74855,90210,1224.5
90210,77514,1427.5
77514,90210,1427.5
90210,51537,1361.4
51537,90210,1361.4
90210,76226,1224.8
76226,90210,1224.8
90210,49106,1808.6
49106,90210,1808.6
90210,31909,1932.0
31909,90210,1932.0
90210,29560,2207.0
29560,90210,2207.0
90210,22207,2302.5
22207,90210,2302.5
90210,52555,1473.4
52555,90210,1473.4
90210,53952,1679.0
53952,90210,1679.0
90280,26384,2100.8
26384,90280,2100.8
90280,71935,1397.3
71935,90280,1397.3
90280,44706,2062.3
44706,90280,2062.3
90280,32063,2119.8
32063,90280,2119.8
90280,60187,1721.8
60187,90280,1721.8
90280,83465,784.7
83465,90280,784.7
90280,32258,2155.1
32258,90280,2155.1
90280,53022,1738.2
53022,90280,1738.2
90280,58654,1162.3
58654,90280,1162.3
90280,47120,1805.9
47120,90280,1805.9
90280,68715,1248.5
68715,90280,1248.5
90280,36049,1854.7
36049,90280,1854.7
90280,52325,1524.4
52325,90280,1524.4
90280,72046,1498.9
72046,90280,1498.9
90280,64659,1431.9
64659,90280,1431.9
90280,97640,632.4
97640,90280,632.4
90280,92656,36.8
92656,90280,36.8
90280,47616,1712.4
47616,90280,1712.4
90280,27601,2236.0
27601,90280,2236.0
90280,97364,822.6
97364,90280,822.6
90280,64112,1355.6
64112,90280,1355.6
90280,32266,2159.5
32266,90280,2159.5
90280,44076,2095.2
44076,90280,2095.2
90280,66223,1350.1
66223,90280,1350.1
90280,56589,1484.9
56589,90280,1484.9
90280,91770,10.3
91770,90280,10.3
90280,28169,2084.4
28169,90280,2084.4
90280,25843,2083.3
25843,90280,2083.3
90280,51649,1329.7
51649,90280,1329.7
90280,99158,911.4
99158,90280,911.4
90280,55713,1617.5
55713,90280,1617.5
90280,20779,2324.6
20779,90280,2324.6
90280,44087,2062.3
44087,90280,2062.3
90280,04220,2628.0
04220,90280,2628.0
90280,92602,30.6
92602,90280,30.6
90280,44417,2103.0
44417,90280,2103.0
90280,12768,2410.9
12768,90280,2410.9
90280,63030,1557.6
63030,90280,1557.6
90280,05250,2487.0
05250,90280,2487.0
90280,87113,667.8
87113,90280,667.8
90280,41222,1989.2
41222,90280,1989.2
90280,32948,2260.6
32948,90280,2260.6
90280,71286,1558.2
71286,90280,1558.2
90280,67751,1052.5
67751,90280,1052.5
90280,04956,2639.4
04956,90280,2639.4
90280,04668,2756.7
04668,90280,2756.7
90280,29714,2120.0
29714,90280,2120.0
90280,70516,1533.2
70516,90280,1533.2
90280,28027,2126.0
28027,90280,2126.0
90280,81073,901.8
81073,90280,901.8
90280,46501,1812.2
46501,90280,1812.2
90280,70114,1672.0
70114,90280,1672.0
90280,11003,2467.0
11003,90280,2467.0
90280,68130,1303.0
68130,90280,1303.0
90280,59642,936.8
59642,90280,936.8
90280,80468,784.4
80468,90280,784.4
90280,43346,1934.5
43346,90280,1934.5
90280,41567,2020.9
41567,90280,2020.9
90280,50665,1497.8
50665,90280,1497.8
90280,20716,2316.2
20716,90280,2316.2
90280,25981,2104.9
25981,90280,2104.9
90280,78739,1217.0
78739,90280,1217.0
90280,61845,1694.1
61845,90280,1694.1
90280,86314,338.4
86314,90280,338.4
90280,28538,2299.4
28538,90280,2299.4
90280,68071,1309.6
68071,90280,1309.6
90280,45836,1945.8
45836,90280,1945.8
90280,11369,2458.1
11369,90280,2458.1
90280,97703,721.1
97703,90280,721.1
90280,01606,2559.8
01606,90280,2559.8
90280,50585,1389.0
50585,90280,1389.0
90280,04924,2667.1
04924,90280,2667.1
90280,63108,1586.3
63108,90280,1586.3
90280,13111,2314.2
13111,90280,2314.2
90280,49441,1828.9
49441,90280,1828.9
90280,67059,1100.3
67059,90280,1100.3
90280,14860,2301.7
14860,90280,2301.7
90280,31743,1982.8
31743,90280,1982.8
90280,16735,2199.4
16735,90280,2199.4
90280,90278,11.3
90278,90280,11.3
90280,50111,1431.2
50111,90280,1431.2
90280,27803,2278.1
27803,90280,2278.1
90280,71048,1463.3
71048,90280,1463.3
90280,62221,1605.0
62221,90280,1605.0
90280,55769,1599.6
55769,90280,1599.6
90280,25420,2238.8
25420,90280,2238.8
90280,92394,64.2
92394,90280,64.2
90280,48861,1892.2
48861,90280,1892.2
90280,70757,1577.2
70757,90280,1577.2
90280,74855,1214.0
74855,90280,1214.0
90280,77514,1413.7
77514,90280,1413.7
90280,51537,1355.7
51537,90280,1355.7
90280,76226,1212.6
76226,90280,1212.6
90280,49106,1802.2
49106,90280,1802.2
90280,31909,1920.5
31909,90280,1920.5
90280,29560,2196.5
29560,90280,2196.5
90280,22207,2294.4
22207,90280,2294.4
90280,52555,1466.6
52555,90280,1466.6
90280,53952,1674.0
53952,90280,1674.0
26384,71935,788.7
71935,26384,788.7
26384,44706,128.3
44706,26384,128.3
26384,32063,605.3
32063,26384,605.3
26384,60187,438.0
60187,26384,438.0
26384,83465,1734.9
83465,26384,1734.9
26384,32258,610.9
32258,26384,610.9
26384,53022,484.7
53022,26384,484.7
26384,58654,1284.2
58654,26384,1284.2
26384,47120,297.9
47120,26384,297.9
26384,68715,912.1
68715,26384,912.1
26384,36049,587.6
36049,26384,587.6
26384,52325,618.3
52325,26384,618.3
26384,72046,692.5
72046,26384,692.5
26384,64659,675.0
64659,26384,675.0
26384,97640,2087.4
97640,26384,2087.4
26384,92656,2085.0
92656,26384,2085.0
26384,47616,392.5
47616,26384,392.5
26384,27601,248.7
27601,26384,248.7
26384,97364,2239.0
97364,26384,2239.0
26384,64112,746.2
64112,26384,746.2
26384,32266,598.1
32266,26384,598.1
26384,44076,176.2
44076,26384,176.2
26384,66223,751.1
66223,26384,751.1
26384,56589,944.5
56589,26384,944.5
26384,91770,2092.1
91770,26384,2092.1
26384,28169,252.3
28169,26384,252.3
26384,25843,96.1
25843,26384,96.1
26384,51649,796.8
51649,26384,796.8
26384,99158,1913.1
99158,26384,1913.1
26384,55713,843.9
55713,26384,843.9
26384,20779,223.8
20779,26384,223.8
26384,44087,166.1
44087,26384,166.1
26384,04220,650.8
04220,26384,650.8
26384,92602,2081.2
92602,26384,2081.2
26384,44417,169.7
44417,26384,169.7
26384,12768,374.2
12768,26384,374.2
26384,63030,546.2
63030,26384,546.2
26384,05250,485.8
05250,26384,485.8
26384,87113,1446.9
87113,26384,1446.9
26384,41222,142.5
41222,26384,142.5
26384,32948,773.0
32948,26384,773.0
26384,71286,733.1
71286,26384,733.1
26384,67751,1054.3
67751,26384,1054.3
26384,04956,678.1
04956,26384,678.1
26384,04668,793.5
04668,26384,793.5
26384,29714,294.2
29714,26384,294.2
26384,70516,885.9
70516,26384,885.9
26384,28027,245.9
28027,26384,245.9
26384,81073,1199.1
81073,26384,1199.1
26384,46501,331.5
46501,26384,331.5
26384,70114,818.1
70114,26384,818.1
26384,11003,391.3
11003,26384,391.3
26384,68130,833.5
68130,26384,833.5
26384,59642,1600.8
59642,26384,1600.8
26384,80468,1355.2
80468,26384,1355.2
26384,43346,199.8
43346,26384,199.8
26384,41567,129.1
41567,26384,129.1
26384,50665,678.7
50665,26384,678.7
26384,20716,215.6
20716,26384,215.6
26384,25981,61.5
25981,26384,61.5
26384,78739,1148.8
78739,26384,1148.8
26384,61845,420.7
61845,26384,420.7
26384,86314,1770.0
86314,26384,1770.0
26384,28538,300.7
28538,26384,300.7
26384,68071,857.2
68071,26384,857.2
26384,45836,199.8
45836,26384,199.8
26384,11369,384.2
11369,26384,384.2
26384,97703,2122.9
97703,26384,2122.9
26384,01606,522.1
01606,26384,522.1
26384,50585,800.8
50585,26384,800.8
26384,04924,700.6
04924,26384,700.6
26384,63108,514.9
63108,26384,514.9
26384,13111,364.9
13111,26384,364.9
26384,49441,410.5
49441,26384,410.5
26384,67059,1001.4
67059,26384,1001.4
26384,14860,321.8
14860,26384,321.8
26384,31743,521.7
31743,26384,521.7
26384,16735,209.1
16735,26384,209.1
26384,90278,2112.1
90278,26384,2112.1
26384,50111,715.2
50111,26384,715.2
26384,27803,264.3
27803,26384,264.3
26384,71048,800.3
71048,26384,800.3
26384,62221,496.8
62221,26384,496.8
26384,55769,858.8
55769,26384,858.8
26384,25420,142.3
25420,26384,142.3
26384,92394,2041.2
92394,26384,2041.2
26384,48861,339.9
48861,26384,339.9
26384,70757,853.8
70757,26384,853.8
26384,74855,922.2
74855,26384,922.2
26384,77514,1018.6
77514,26384,1018.6
26384,51537,790.7
51537,26384,790.7
26384,76226,1004.3
76226,26384,1004.3
26384,49106,369.0
49106,26384,369.0
26384,31909,502.2
31909,26384,502.2
26384,29560,358.5
29560,26384,358.5
26384,22207,193.7
22207,26384,193.7
26384,52555,653.1
52555,26384,653.1
26384,53952,568.0
53952,26384,568.0
71935,44706,805.3
44706,71935,805.3
71935,32063,736.7
32063,71935,736.7
71935,60187,600.0
60187,71935,600.0
71935,83465,1277.9
83465,71935,1277.9
71935,32258,771.4
32258,71935,771.4
71935,53022,680.9
53022,71935,680.9
71935,58654,1003.5
58654,71935,1003.5
71935,47120,505.6
47120,71935,505.6
71935,68715,563.1
68715,71935,563.1
71935,36049,469.5
36049,71935,469.5
71935,52325,505.6
52325,71935,505.6
71935,72046,103.9
72046,71935,103.9
71935,64659,372.4
64659,71935,372.4
71935,97640,1560.7
97640,71935,1560.7
71935,92656,1374.8
92656,71935,1374.8
71935,47616,419.8
47616,71935,419.8
71935,27601,860.9
27601,71935,860.9
71935,97364,1756.3
97364,71935,1756.3
71935,64112,323.5
64112,71935,323.5
71935,32266,773.7
32266,71935,773.7
71935,44076,859.1
44076,71935,859.1
71935,66223,312.3
66223,71935,312.3
71935,56589,888.2
56589,71935,888.2
71935,91770,1389.9
91770,71935,1389.9
71935,28169,702.6
28169,71935,702.6
71935,25843,739.9
25843,71935,739.9
71935,51649,456.0
51649,71935,456.0
71935,99158,1504.1
99158,71935,1504.1
71935,55713,905.1
55713,71935,905.1
71935,20779,999.7
20779,71935,999.7
71935,44087,823.9
44087,71935,823.9
71935,04220,1421.1
04220,71935,1421.1
71935,92602,1373.1
92602,71935,1373.1
71935,44417,862.8
44417,71935,862.8
71935,12768,1154.7
12768,71935,1154.7
71935,63030,308.0
63030,71935,308.0
71935,05250,1258.1
05250,71935,1258.1
71935,87113,730.6
87113,71935,730.6
71935,41222,652.4
41222,71935,652.4
71935,32948,901.7
32948,71935,901.7
71935,71286,188.4
71286,71935,188.4
71935,67751,490.1
67751,71935,490.1
71935,04956,1443.9
04956,71935,1443.9
71935,04668,1563.8
04668,71935,1563.8
71935,29714,731.9
29714,71935,731.9
71935,70516,290.0
70516,71935,290.0
71935,28027,745.3
28027,71935,745.3
71935,81073,544.2
81073,71935,544.2
71935,46501,624.3
46501,71935,624.3
71935,70114,376.4
70114,71935,376.4
71935,11003,1180.0
11003,71935,1180.0
71935,68130,490.3
68130,71935,490.3
71935,59642,1211.3
59642,71935,1211.3
71935,80468,780.2
80468,71935,780.2
71935,43346,690.7
43346,71935,690.7
71935,41567,678.2
41567,71935,678.2
71935,50665,567.2
50665,71935,567.2
71935,20716,994.9
20716,71935,994.9
71935,25981,771.1
25981,71935,771.1
71935,78739,378.3
78739,71935,378.3
71935,61845,506.4
61845,71935,506.4
71935,86314,1059.0
86314,71935,1059.0
71935,28538,920.9
28538,71935,920.9
71935,68071,560.7
68071,71935,560.7
71935,45836,708.0
45836,71935,708.0
71935,11369,1172.8
11369,71935,1172.8
71935,97703,1622.4
97703,71935,1622.4
71935,01606,1306.5
01606,71935,1306.5
71935,50585,592.3
50585,71935,592.3
71935,04924,1469.0
04924,71935,1469.0
71935,63108,351.8
63108,71935,351.8
71935,13111,1105.0
13111,71935,1105.0
71935,49441,727.9
49441,71935,727.9
71935,67059,374.4
67059,71935,374.4
71935,14860,1073.9
14860,71935,1073.9
71935,31743,590.1
31743,71935,590.1
71935,16735,953.8
16735,71935,953.8
71935,90278,1408.1
90278,71935,1408.1
71935,50111,503.5
50111,71935,503.5
71935,27803,905.0
27803,71935,905.0
71935,71048,119.2
71048,71935,119.2
71935,62221,355.8
62221,71935,355.8
71935,55769,903.5
55769,71935,903.5
71935,25420,930.0
25420,71935,930.0
71935,92394,1344.3
92394,71935,1344.3
71935,48861,747.1
48861,71935,747.1
71935,70757,305.9
70757,71935,305.9
71935,74855,195.1
74855,71935,195.1
71935,77514,328.1
77514,71935,328.1
71935,51537,507.3
51537,71935,507.3
71935,76226,216.0
76226,71935,216.0
71935,49106,650.8
49106,71935,650.8
71935,31909,525.3
31909,71935,525.3
71935,29560,803.0
29560,71935,803.0
71935,22207,973.1
22207,71935,973.1
71935,52555,433.8
52555,71935,433.8
71935,53952,685.2
53952,71935,685.2
44706,32063,723.8
32063,44706,723.8
44706,60187,356.6
60187,44706,356.6
44706,83465,1653.8
83465,44706,1653.8
44706,32258,731.9
32258,44706,731.9
44706,53022,384.5
53022,44706,384.5
44706,58654,1190.3
58654,44706,1190.3
44706,47120,299.9
47120,44706,299.9
44706,68715,844.6
68715,44706,844.6
44706,36049,676.2
36049,44706,676.2
44706,52325,550.3
52325,44706,550.3
44706,72046,717.1
72046,44706,717.1
44706,64659,630.6
64659,44706,630.6
44706,97640,2012.2
97640,44706,2012.2
44706,92656,2048.5
92656,44706,2048.5
44706,47616,387.9
47616,44706,387.9
44706,27601,375.3
27601,44706,375.3
44706,97364,2155.7
97364,44706,2155.7
44706,64112,709.4
64112,44706,709.4
44706,32266,719.6
32266,44706,719.6
44706,44076,61.9
44076,44706,61.9
44706,66223,716.2
66223,44706,716.2
44706,56589,837.9
56589,44706,837.9
44706,91770,2053.2
91770,44706,2053.2
44706,28169,372.0
28169,44706,372.0
44706,25843,216.6
25843,44706,216.6
44706,51649,739.4
51649,44706,739.4
44706,99158,1823.1
99158,44706,1823.1
44706,55713,729.9
55713,44706,729.9
44706,20779,292.1
20779,44706,292.1
44706,44087,38.9
44087,44706,38.9
44706,04220,615.9
04220,44706,615.9
44706,92602,2044.1
92602,44706,2044.1
44706,44417,61.3
44417,44706,61.3
44706,12768,357.2
12768,44706,357.2
44706,63030,530.3
63030,44706,530.3
44706,05250,454.1
05250,44706,454.1
44706,87113,1420.2
87113,44706,1420.2
44706,41222,219.6
41222,44706,219.6
44706,32948,896.9
32948,44706,896.9
44706,71286,779.4
71286,44706,779.4
44706,67751,1010.0
67751,44706,1010.0
44706,04956,638.6
04956,44706,638.6
44706,04668,758.6
04668,44706,758.6
44706,29714,417.6
29714,44706,417.6
44706,70516,941.1
70516,44706,941.1
44706,28027,370.9
28027,44706,370.9
44706,81073,1164.6
81073,44706,1164.6
44706,46501,254.5
46501,44706,254.5
44706,70114,889.3
70114,44706,889.3
44706,11003,404.7
11003,44706,404.7
44706,68130,772.3
68130,44706,772.3
44706,59642,1512.9
59642,44706,1512.9
44706,80468,1300.7
80468,44706,1300.7
44706,43346,128.0
43346,44706,128.0
44706,41567,224.6
41567,44706,224.6
44706,50665,600.3
50665,44706,600.3
44706,20716,280.1
20716,44706,280.1
44706,25981,188.2
25981,44706,188.2
44706,78739,1177.5
78739,44706,1177.5
44706,61845,368.2
61845,44706,368.2
44706,86314,1737.0
86314,44706,1737.0
44706,28538,423.7
28538,44706,423.7
44706,68071,786.7
68071,44706,786.7
44706,45836,116.7
45836,44706,116.7
44706,11369,395.9
11369,44706,395.9
44706,97703,2043.3
97703,44706,2043.3
44706,01606,510.2
01606,44706,510.2
44706,50585,722.8
